2 Conv layers, 100 epochs, batch_size = 32

9.90623023453
0.649996563434
0.69412845331
0.667675181528
1.05217873629
0.667281561474
0.12370995101
0.148349032544
0.611948426323
0.812821832202
0.690765019353
0.993420230027
0.838768886289
0.99029795621
0.96488835552
0.649222065148
0.486562942093
0.612446959024
0.482319660622
0.616690240537
0.973125884017
0.966053748232
0.698727015601
0.644978783593
0.547383309844
0.547383309844
0.547383309844
0.547383309844
0.547383309844

3 Conv layers, 100 epochs, batch_size = 32, different kernel size
